[1008.3998733390409, 934.6145167532574, 1032.9949922009687, 836.2340413055462]
[1241.4008461346502, 1168.3772669502591, 1265.742039196114, 1071.0124947044042]
[1006.1107639742105, 957.03219012181, 1006.1107639742105, 858.8750424170089]
[1002.5036231250401, 953.601007362843, 1026.9549310061386, 855.7957758384489]
[969.7700604617288, 945.5258089501856, 994.014311973272, 848.5488029040126]
[1245.9199478123107, 1172.630539117469, 1270.3497507105913, 1050.481524626066]
[1000.1655480463888, 951.3769847270528, 1000.1655480463888, 853.7998580883807]
[1000.9980732850199, 952.1688989784336, 1025.4126604383132, 854.5105503652609]
[971.4996467740627, 922.9246644353597, 995.7871379434143, 850.062190927305]
[1240.1269870717142, 1167.178340773378, 1240.1269870717142, 1069.9134790422634]
[1006.4228385488298, 932.7821430452569, 1006.4228385488298, 859.141447541684]
[973.0830041818192, 924.4288539727282, 1021.7371543909102, 851.4476286590918]
[978.035210446543, 953.5843301853795, 1002.4860907077067, 855.7808091407252]
[1238.497102196078, 1165.6443314786616, 1262.7813591018835, 1068.50730385544]
[1000.9514618487453, 952.1245612707578, 1025.364912137739, 854.4707601147826]
[969.6187344318005, 921.1377977102104, 1018.0996711533904, 848.4163926278254]
[997.23655932685, 948.5908735060281, 997.23655932685, 851.2995018643842]
[998.672806992073, 949.9570603095328, 998.672806992073, 852.5255669444525]
[1003.3810265656089, 954.4356106355791, 1003.3810265656089, 856.5447787755197]
[975.36849815998, 950.9842857059805, 999.7527106139795, 877.831648343982]
[1002.030463005046, 953.1509282243121, 1026.4702303954132, 855.3918586628442]
[1004.8350405226162, 955.8186970824885, 1004.8350405226162, 857.7860102022332]
[971.1509875199704, 922.5934381439719, 1019.7085368959689, 849.757114079974]
[998.1047633972361, 949.4167261583466, 1022.4487820166809, 852.0406516805674]
[1003.8730436711558, 930.4189185244859, 1003.8730436711558, 856.9647933778159]
[995.6430039543999, 922.7910768357852, 995.6430039543999, 849.9391497171706]
[976.0948563250156, 951.6924849168902, 1024.8995991412664, 854.0829992843886]
[977.8243004598519, 953.3786929483556, 1026.7155154828445, 855.5962629023703]
[1001.0563436854208, 952.2243269202783, 1025.472352067992, 854.5602933899933]
[977.8584958996566, 953.4120335021653, 1026.7514206946396, 855.6261839121996]
[976.151648620186, 927.3440661891767, 1024.9592310511953, 854.1326925426628]
[1001.6569238475787, 928.364953809951, 1001.6569238475787, 855.0729837723233]
[1002.415967170304, 953.517627308338, 1002.415967170304, 880.1701175153889]
[976.0153582128625, 927.2145903022193, 1024.8161261235057, 854.0134384362547]
[1001.0796537451755, 952.2464999039474, 1001.0796537451755, 854.5801922214913]
[996.745247148289, 948.1235277752018, 996.745247148289, 850.8800890290272]
[999.6713462734634, 950.9068903576847, 999.6713462734634, 853.3779785261273]
[967.9125849515964, 919.5169557040165, 992.1103995753863, 846.9235118326468]
[1001.2545138019575, 952.412830201862, 1001.2545138019575, 854.729463001671]
[1021.0738617591653, 948.1400144906536, 996.762579336328, 850.8948847993045]
[995.521963644784, 946.9599166377214, 995.521963644784, 849.8358226235962]
[1000.730116794013, 927.5059619066462, 1000.730116794013, 854.2818070192794]
[1008.1043005205646, 934.3405712141819, 1008.1043005205646, 835.9889321390049]
[966.4239261294578, 942.2633279762214, 1014.7451224359306, 845.6209353632755]
[1004.330348956052, 955.3386246167323, 1028.8262111257118, 857.3551759380931]
[995.7006525427164, 947.1298890040473, 1019.986034312051, 849.9883619267091]
[1239.0279594307328, 1166.1439618171603, 1263.3226253019236, 1044.670632461206]
[1029.2950971971463, 955.7740188259215, 1004.7880710734047, 857.7459143309553]
[996.8954794727018, 948.2664316935455, 1021.2100033622798, 851.0083361352332]
[1000.4739447886668, 927.2685341943742, 1000.4739447886668, 854.0631236000814]
[1234.658385953571, 1186.240410033823, 1258.867373913445, 1040.9864822745794]
[979.7772651619119, 955.2828335328642, 1004.2716967909598, 857.305107016673]
[996.5084343074365, 947.8982667802444, 996.5084343074365, 850.6779317258604]
[1009.2817090706342, 935.4318279191243, 1009.2817090706342, 861.5819467676146]
[1245.6007267137168, 1172.3300957305569, 1270.02427037477, 1074.6359210863438]
[995.7121830614857, 947.1408570584863, 995.7121830614857, 849.9982050524877]
[1005.4225293646479, 956.377527932226, 1005.4225293646479, 833.7650243511714]
[977.8129025113795, 977.8129025113795, 1002.2582250741641, 855.5862896974571]
[1215.7120994295785, 1167.0836154523954, 1240.02634141817, 1045.5124055094375]
[996.6412666767123, 923.71629594427, 996.6412666767123, 826.4830016343468]
[1006.2873861854271, 957.2001966154062, 1006.2873861854271, 859.0258174753645]
[996.2371043240488, 923.3417064466794, 996.2371043240488, 850.44630856931]
[1003.6328321972173, 930.19628349986, 1028.1116817630032, 856.7597348025025]
[995.6430039543999, 947.0750525419902, 995.6430039543999, 825.6551740109658]
[972.919358392967, 948.5963744331427, 1021.5653263126153, 851.304438593846]
[995.8967076878529, 947.3163804835674, 995.8967076878529, 850.1557260749964]
[1002.0771749898024, 977.6362682827341, 1002.0771749898024, 855.4317347473924]
[1002.5620689454139, 953.6566021675887, 1027.0148023343263, 855.8456686119387]
[999.0615356014129, 925.9594720208217, 999.0615356014129, 852.8574084402305]
[990.3791473015544, 917.9123804258309, 1014.5347362601289, 821.2900245915329]
[1004.5063465638599, 955.506036975379, 1029.0065013581004, 857.505417798417]
[977.3230419712813, 952.8899659219992, 1026.1891940698454, 830.7245856755891]
[991.5097757713087, 943.143445245879, 991.5097757713087, 822.2276189323047]
[981.1237426900585, 956.595649122807, 1005.6518362573099, 858.4832748538012]
[1002.0187856893136, 928.7003379559492, 1002.0187856893136, 830.9424076447966]
[980.0061917696195, 955.506036975379, 1004.5063465638599, 857.505417798417]
[1034.359710878462, 960.4768743871434, 1009.7320987146892, 837.3388135682789]
[999.9736234597693, 951.1944223153904, 999.9736234597693, 829.2464194544428]
[967.7060177307624, 943.5133672874933, 991.8986681740314, 822.550115071148]
[1005.687123524802, 956.6292150601776, 1005.687123524802, 858.5133981309285]
[974.9603965574352, 926.2123767295634, 999.334406471371, 853.0903469877558]
[977.87559451646, 953.4287046535485, 1026.769374242283, 831.194255338991]
[977.1238206173558, 928.267629586488, 1025.9800116482236, 854.9833430401864]
[1003.4044450149664, 954.4578867215535, 1003.4044450149664, 832.091490988021]
[1000.4215621254959, 927.2199844089962, 1000.4215621254959, 829.6178807869967]
[976.6858194053918, 952.2686739202571, 1025.5201103756615, 854.600091979718]
[977.8584958996566, 928.9655711046738, 1026.7514206946396, 855.6261839121996]
[1005.5518691124274, 931.9749030798108, 1005.5518691124274, 833.8722817029886]
[1001.376952192395, 928.1054678856344, 1001.376952192395, 830.4101554766203]
[974.1395608096338, 949.786071789393, 998.4930498298747, 828.0186266881888]
[948.5743711074771, 948.5743711074771, 997.2192106514503, 826.9622722475442]
[1219.0972242406626, 1170.3333352710363, 1267.8611132102892, 1048.42361284697]
[951.9195530726257, 927.5113594040969, 1000.7359404096834, 829.8785847299814]
[957.4242970524197, 957.4242970524197, 1031.0723199026058, 834.6775923021095]
[948.9871033990637, 924.6541007478056, 997.6531087015798, 827.3220901427734]
[1215.08520044266, 1166.4817924249535, 1263.6886084603664, 1044.9732723806876]
[951.8586217129956, 927.4519903870213, 1025.0785156909183, 829.8254650831243]
[953.5065110694009, 929.0576261701855, 1002.4042808678317, 831.2620865733238]
[974.2244107519264, 949.8688004831282, 1022.9356312895227, 828.0907491391374]
[1201.1179839633448, 1176.6053720457255, 1250.1432077985833, 1054.0423124576291]
