[1970.3736435046646, 1998.3505512217694, 1968.3752929534428], (1972, 2000, 1970)
[2237.5033960596193, 2257.4811049530076, 2239.501166948958], (4212, 4260, 4212)
[2151.25650047754, 2170.2323006210286, 2176.2246585610765], (6366, 6433, 6391)
[2174.7491888454488, 2193.7295446507155, 2206.7161038858967], (8543, 8629, 8600)
[2241.6051729250257, 2263.5816942282113, 2272.5720893067883], (10787, 10895, 10875)
[2177.0385235356234, 2196.021420253006, 2212.0070174886964], (12966, 13093, 13089)
[2245.0854543926316, 2261.064710295782, 2274.047855717092], (15214, 15357, 15366)
[2180.210738462784, 2194.192850390626, 2212.1698514407085], (17397, 17554, 17581)
[2246.0782749490445, 2263.0561898775168, 2279.0354039278436], (19646, 19820, 19863)
[2182.134805159335, 2200.127671166146, 2213.1225188377316], (21829, 22021, 22077)
[2160.308823203745, 2176.288916209413, 2187.27523015081], (23992, 24200, 24267)
[2248.1490133757243, 2265.127482157327, 2274.116083276999], (26243, 26468, 26544)
[2186.736713876603, 2206.734306138849, 2212.733583817523], (28430, 28675, 28757)
[2248.9319370880094, 2272.899240147562, 2275.895153030006], (30682, 30951, 31036)
[2183.529261142401, 2202.507786284994, 2209.4998744954214], (32868, 33156, 33248)
[2162.4862662130354, 2182.4722760671298, 2189.467379516063], (35032, 35340, 35439)
[2271.5785666057363, 2293.5551402492392, 2296.5519457460805], (37306, 37636, 37738)
[2162.360753879158, 2180.330510836602, 2186.3204298224173], (39472, 39820, 39928)
[2276.385114793045, 2291.3679040523234, 2295.3633145214644], (41751, 42114, 42226)